148
159
180
186
143
160
192
127
150
124
148
136
145
143
162
113
100
118
157
145
105
131
180
144
117
109
133
128
126
164
185
196
136
184
146
147
114
141
144
165
133
139
135
156
138
129
165
154
194
137
122
105
124
151
182
178
194
188
107
160
162
135
104
108
127
149
142
179
136
172
185
188
142
103
119
138
121
133
123
175
174
162
181
198
183
123
192
194
148
178
100
117
153
195
189
182
196
127
157
193
175
111
164
111
149
113
139
192
194
160
177
114
122
141
126
182
149
102
106
121
129
130
153
191
169
186
106
103
116
159
114
195
176
195
110
152
152
115
105
195
131
109
143
159
181
126
197
108
198
199
197
135
116
169
140
180
111
146
116
194
131
150
103
147
161
175
130
142
150
123
116
142
150
176
163
104
187
126
116
148
151
138
108
136
195
183
137
175
133
170
109
110
169
169
183
184
114
188
186
155
138
171
